$ 1 0.000005 10.20027730826997 50 5 43 5e-11
a 224 224 320 224 8 9 0 1000000 4.4999866522331535 4.5 100000
a 368 224 464 224 8 9 0 1000000 5.504961762606525 5.504976828528107 100000
d 320 176 320 224 2 default
d 320 224 320 272 2 default
r 320 176 368 176 0 10000
r 320 176 192 176 0 10000
r 192 208 128 208 0 10000
r 368 176 464 176 0 10000
r 192 272 320 272 0 10000
w 368 208 368 176 0
w 368 240 368 272 0
w 368 272 320 272 0
w 464 176 464 224 0
w 224 208 192 208 0
w 192 208 192 176 0
w 192 208 192 272 0
w 464 224 528 224 0
R 224 240 160 240 0 0 40 4.5 0 0 0.5
w 128 208 128 160 0
R 128 208 64 208 0 1 40 4.5 4.5 0 0.5
o 16 16 0 4099 10 0.00009765625 0 2 16 3
o 18 16 0 4099 20 0.00009765625 1 2 18 3
