$ 1 5e-10 10.20027730826997 50 5 43 5e-11
t 320 240 352 240 0 1 0.6253362357794393 0.6466987657660741 250 default
t 384 224 416 224 0 1 0.012533364669664617 0.021362529986634765 250 default
t 192 256 224 256 0 1 -0.7175581102740007 0.5672365799950698 250 default
r 352 224 352 160 0 10000
r 224 240 224 176 0 2000
r 320 240 256 240 0 200
r 256 240 256 304 0 2000
w 256 240 224 240 0
g 352 272 352 288 0 0
g 224 288 224 304 0 0
c 192 288 192 256 0 2e-8 -0.5672365799950698 0.001
c 192 288 192 320 0 2e-8 -0.619499451230034 0.001
w 192 288 224 288 0
w 224 288 224 272 0
w 256 304 256 320 0
w 256 320 192 320 0
l 160 256 160 320 0 0.000009999999999999999 0.002639898324692541 0
w 192 256 160 256 0
w 160 320 192 320 0
R 224 176 224 112 0 0 40 9 0 0 0.5
w 224 176 352 160 0
w 352 256 352 272 0
w 384 272 416 272 0
w 416 272 416 240 0
w 256 240 256 208 0
w 416 128 352 160 0
w 352 224 384 224 0
w 384 272 352 272 0
r 512 128 512 208 0 1000
o 24 32 0 4107 2.5 0.00009765625 0 2 24 3
o 19 32 7 135171 10 0.2 1 1 0.078125
o 28 32 0 4099 0.0000762939453125 0.00009765625 2 2 28 3
